  J0023+0923  3.05  14.3 111.4 -52.8   0.139   0.035 2009 GBT-Fermi
  J0030+0451  4.87   4.3 113.1 -57.6    N/A     N/A  2000 AO-430
  J0034-0534  1.88  13.8 111.5 -68.1   1.589   1.438 1994 PKS-SSS
  J0101-6422  2.57  11.9 301.2 -52.7   1.788   1.701 2009 PKS-Fermi
  J0102+4839  2.96  53.5 124.9 -14.2   1.672   1.856 2010 GBT-Fermi
  J0125-23    3.68   9.6 190.0 -81.6      *        * 2015 GBT-GBNCC
  J0155+18    2.36  19.8 143.3 -41.8      *        * 2013 AO-327Drift
  J0214+5222 24.58  22.0 135.6  -8.4 512.039 174.566 2014 GBT-GBNCC
  J0218+4232  2.32  61.2 139.5 -17.5   2.029   1.984 1995 JB-TCS
  J0248+42    2.60  48.2 144.9 -15.3     N/A     N/A 2013 GMRT-Fermi
  J0251+2606  2.54  20.2 153.9 -29.4   0.20    0.06  2014 AO-Fermi
  J0307+7443  3.16   6.3 131.7  14.2  37.108  16.108 2011 GBT-Fermi
  J0337+1715  2.73  21.3 169.8 -30.5  triple  system 2011 GBT-Drift
  J0340+4130  3.30  49.6 153.8 -11.0     N/A     N/A 2009 GBT-Fermi
  J0407+1607 25.70  35.6 176.6 -25.7 669.070 106.450 2005 AO-430
  J0437-4715  5.76   2.6 253.4 -42.0   5.741   3.367 1993 PKS-SSS
  J0509+08    4.06  38.3 192.5 -17.9   4.9       TBD 2013 AO-327Drift
  J0533+6759  4.39  57.4 144.8  18.2     N/A     N/A 2011 GBT-Fermi
  J0557+1551  2.56 102.7 192.7  -4.3   4.847   4.035 2012 AO-PALFA
  J0605+37    2.73  21.0 175.0   7.5  54.103  18.47  2011 GBT-Fermi
  J0610-2100  3.86  60.7 227.7 -18.2   0.286   0.073 2006 PKS-PH
  J0613-0200  3.06  38.8 210.4  -9.3   1.198   1.091 1995 PKS-SSS
  J0614-3329  3.15  37.0 240.5 -21.8  53.585  27.639 2009 GBT-Fermi
  J0621+1002 28.85  36.6 200.6  -2.0   8.319  12.032 1996 AO-430
  J0621+2514  2.72  83.6 187.1   5.1   1.256   1.277 2012 GBT-Fermi
  J0636+5129  2.86  11.1 164.4  18.5   0.067   0.009 2011 GBT-NSS
  J0645+5158  8.85  18.2 164.9  19.8    N/A     N/A  2011 GBT-NSS
  J0711-6830  5.49  18.4 279.5 -23.3    N/A     N/A  1997 PKS-SSS
  J0721-2038 15.54  76.1 234.7  -2.9   5.461   9.379 2012 PKS-PA
  J0737-3039 22.70  48.9 245.2  -4.5   0.102   1.415 2003 PKS-PH
  J0740+41    3.14  21.0 178.2  26.1     *        *  2011 GBT-NSS
  J0742+6620  2.88  15.0 149.7  29.7   4.767   3.978 2012 GBT-NSS
  J0751+1807  3.48  30.2 202.7  21.1   0.263   0.397 1995 AO-430
  J0824+00    9.86  34.6 223.6  20.8  binary    TBD  2012 AO-327Drift
  J0900-3144 11.11  75.7 256.2   9.5  18.738  17.249 2006 PKS-PH
  J0922-52    9.68 122.4 273.8  -1.4  binary    TBD  2012 PKS-PMPSWVU
  J0931-19    4.64  41.5 250.9  23.0    N/A     N/A  2011 GBT-Drift
  J0955-61    1.99 160.7 283.7  -5.7  24.6    12.8   2013 PKS-Fermi
  J1012-42    3.10  71.6 274.2  11.2  37.97   21.3   2013 PKS-Fermi
  J1012+5307  5.26   9.0 160.3  50.9   0.605   0.582 1995 JB-NSS
  J1017-7156  2.34  94.2 291.6 -12.6   6.512   4.830 2012 PKS-HTRU
  J1022+1001 16.45  10.2 231.8  51.1   7.805  16.765 1996 AO-430
  J1023+0038  1.69  14.3 243.5  45.8   0.198   0.343 2009 GBT-Drift
  J1024-0719  5.16   6.5 251.7  40.5    N/A     N/A  1997 PKS-SSS
  J1036-8317  3.41  27.1 298.9 -21.5   0.335   0.506 2013 PKS-Fermi
  J1038+0032 28.85  26.6 247.2  48.5    N/A     N/A  2006 PKS-PH
  J1045-4509  7.47  58.2 280.9  12.3   4.083   3.015 1994 PKS-SSS
  J1048+23    4.67  16.7 213.2  62.1   0.27    0.90  2013 AO-Fermi
  J1056-7117 26.31  93.0 293.9 -10.5   9.139   4.149 2013 PKS-HTRU
  J1103-5403  3.39 103.9 287.4   5.5    N/A     N/A  2009 PKS-Fermi
  J1120-3618  5.55  45.1 283.0  23.0       *       * 2011 GMRT-Fermi
  J1122+78    4.2   11.2 128.7  38.1       *       * 2011 GBT-NSS
  J1124-3653  2.41  44.9 284.1  22.8   0.227   0.080 2010 GBT-Fermi
  J1125-5825  3.10 124.8 291.9   2.6  76.403  33.638 2010 PKS-HTRU
  J1125-6014  2.63  53.0 292.5   0.9   8.753   8.339 2004 PKS-PMPS
  J1125+7819  4.20  11.2 128.3  37.9  15.355  12.192 2013 GBT-NSS
  J1137+7528  2.51  29.2 129.1  40.7   7.13    4.10  2012 GBT-Fermi  
  J1142+0119  5.08  19.2 267.5  59.4   1.583   1.531 2010 GBT-Fermi
  J1147-66    3.72 133.5 296.5  -4.0  binary    TBD  2012 PKS-PMPSWVU
  J1207-5050  4.84  50.6 295.8  11.4    N/A     N/A  2011 GMRT-Fermi
  J1216-6410  3.54  47.4 299.1  -1.6   4.037   2.937 2004 PKS-PMPS
  J1227-4853  1.69  48.5 299.0  13.8   0.288    TBD  2014 GMRT-Fermi
  J1231-1411  3.68   8.1 295.5  48.4   1.860   2.043 2009 GBT-Fermi
  J1239+3232  4.70  16.8 147.4  84.0      *        * 2014 GBT-GBNCC
    B1257+12  6.22  10.2 311.3  75.4  pulsar planets 1990 AO-430
  J1301+0833  1.84  13.2 310.8  71.3   0.272   0.078 2010 GBT-Fermi
  J1308-23    2.83  22.4 308    39        *        * 2015 GBT-GBNCC
  J1302-3258  3.77  26.2 305.6  29.8   0.784   0.928 2009 GBT-Fermi
  J1311-3430  2.56  37.9 307.7  28.2   0.065   0.011 2012 GBT-Fermi
  J1312+0051  4.23  15.3 314.8  63.2  38.504  14.750 2010 GBT-Fermi
  J1327-0755  2.68  27.9 318.4  54.8    8.439  6.645 2009 GBT-Drift
  J1337-6423  9.42 260.3 307.9  -2.0   4.785  13.086 2012 PKS-HTRU
  J1400-14    3.08   4.9 327.0  45.3   9.5     8.1   2011 GBT-Drift
  J1405-4656  7.60  13.9 315.8  14.1   8.956   6.56  2013 PKS-HTRU
  J1421-44    6.38  55   319.4  15.7   binary   TBD  2015 PKS-SUPERB
  J1431-4715  2.01  59.4 319.9  12.3   0.449   0.550 2013 PKS-HTRU 
  J1431-5740  4.11 131.5 315.9   2.7   2.726   2.270 2013 PKS-HTRU
  J1435-6100  9.35 113.7 315.2  -0.6   1.355   6.184 2001 PKS-PMPS
  J1439-5501 28.64  14.6 318.1   4.6   2.118   9.833 2004 PKS-PMPS
  J1446-4701  2.19  55.8 322.5  11.4   0.278   0.064 2012 PKS-HTRU
  J1453+1902  5.79  14.1  23.4  60.8    N/A     N/A  2007 AO-430
  J1455-3330  7.99  13.6 330.7  22.6  76.175  32.362 1995 PKS-SSS
  J1502-6752 26.74 151.8 314.8  -8.1   2.485   0.318 2012 PKS-HTRU
  J1513-25    2.12  46.9 342.4  24.5   0.197   0.053 2014 GBT-Fermi
  J1514-4946  3.59  30.9 325.2   6.8   1.923   1.933 2009 PKS-Fermi
  J1525-5545 11.35 126.9 323.4   0.9   0.990   4.711 2013 PKS-HTRU
  J1528-3828  8.49  73.6 333.9  14.7  11.516  10.645 2013 PKS-HTRU
  J1536-4948  3.08  38.0 328.2   4.8  62.05   30.3   2012 GMRT-Fermi
  J1543-5149  2.06  50.9 327.9   2.5   8.061   6.480 2012 PKS-HTRU
  J1544+4937  2.16  23.2  79.2  50.2   0.121   0.033 2011 GMRT-Fermi
  J1545-4550  3.58  68.4 331.9   6.9   6.203   3.847 2013 PKS-HTRU
  J1546-59    7.79 168.2 323.5  -3.8       *       * 2012 PKS-PMPSWVU
  J1552-4937  6.28 114.6 330.0   3.5    N/A    N/A   2012 PKS-PMPS
  J1551-0658  7.09  21.6   1.5  34.8   5.207   4.331 2010 GBT-Fermi
  J1600-3053  3.60  52.3 344.1  16.5  14.348   8.802 2007 PKS-SWIL
  J1603-7202 14.84  38.0 316.6 -14.5   6.309   6.881 1996 PKS-SSS
  J1614-2230  3.15  34.5 352.6  20.2   8.687  11.291 2006 PKS-EGRET
  J1618-39   11.99 117.5 340.8   7.9  22.800  10.240 2001 PKS-SWIL
  J1622-03    3.85  10.8  30.7  21.3   0.16    0.22  2014 GBT-Fermi
  J1628-3205  3.21  42.1 347.4  11.5   0.208   0.410 2010 GBT-Fermi
  J1622-6617 23.62  87.9 322.0 -11.6   1.641   0.979 2012 PKS-HTRU
  J1625-00    1.41  16.5  13.9  31.8      *        * 2014 AO-Fermi
  J1629-6902  6.00  29.5 320.4 -13.9    N/A     N/A  2001 PKS-SWIL
  J1630+3734  3.32  14.1  60.2  43.2  12.525   9.039 2011 GBT-Fermi
  J1640+2224  3.16  18.4  41.1  38.3 175.461  55.330 1995 AO-430
  J1643-1224  4.62  62.4   5.7  21.2 147.017  25.073 1995 PKS-SSS
  J1646-2142  5.85  29.8 358.2  15.2  23        TBD  2011 GMRT-Fermi
  J1649+80    2.01  31.0 112.8  31.9       *       * 2011 GBT-NSS
  J1652-48    3.78 187.8 337.9  -2.9  binary    TBD  2012 PKS-PMPSE@H
  J1653-2054  4.13  56.6 359.9 -14.3   1.227   0.689 2014 PKS-HTRU
  J1658-5324  2.44  30.9 335.0  -6.6    N/A     N/A  2009 PKS-Fermi
  J1708-3506  4.50 146.8 350.5   3.1 149.133  33.584 2010 PKS-HTRU
  J1709+2313  4.63  25.4  44.5  32.2  22.712  15.289 1995 AO-430
  J1710+4923  3.22   7.1  75.4  36.5    N/A     N/A  2011 GBT-NSS
  J1713+0747  4.57  16.0  28.8  25.2  67.825  32.342 1993 AO-430
  J1719-1438  5.79  36.8   8.9  12.8   0.091   0.002 2011 PKS-HTRU
  J1721-2457  3.50  47.8   0.4   6.8    N/A     N/A  2001 PKS-SWIL
  J1723-2837  1.86  19.9 357.3   4.2   0.615   1.226 2012 PKS-PMPS
  J1725-3853  4.79 158.4 349.4  -1.8    N/A     N/A  2011 PKS-PMPSWVU
  J1727-2946 27.08  60.9 357.0   3.1  40.308  56.532 2012 PKS-PMPS
  J1730-2304  8.12   9.6   3.1   6.0    N/A     N/A  1995 PKS-SSS
  J1731-1847  2.34 106.6   6.9   8.2   0.311   0.120 2010 PKS-HTRU 
  J1732-5049  5.31  56.8 340.0  -9.5   5.263   3.983 2001 PKS-SWIL 
  J1738+0333  5.85  33.8  27.7  17.7   0.355   0.343 2004 PKS-SWHL 
  J1737-0811  4.18  55.3  17.1  12.4  79.517   9.333 2008 GBT-Drift
  J1741+1351  3.75  24.0  37.9  21.6  16.335  11.030 2007 PKS-SWHL
  J1744-1134  4.07   3.1  14.8   9.2    N/A     N/A  1997 PKS-SSS
  J1745-0952 19.38  64.5  16.4   9.9   4.944   2.379 2001 PKS-SWIL
  J1745+1017  2.65  24.0  34.9  19.3   0.730   0.088 2012 EFF-Fermi
  J1747-4036  1.65 152.9 350.2  -6.4    N/A     N/A  2009 PKS-Fermi
  J1748-3009  9.68 420.2 359.2  -1.1   2.934   1.320 2012 PKS-PMPSE@H
  J1751-2857  3.92  42.8   0.6  -1.1 110.746  32.528 2005 PKS-PMPS
  J1753-28   18.62 298.4   1.4  -1.2   binary   TBD  2012 PKS-PMPSWVU
  J1755-3716 12.8  167.4 353.8  -5.9  11.516  10.645 2013 PKS-HTRU
  J1756-2251 28.46 121.2   6.5   0.9   0.320   2.756 2004 PKS-PMPS
  J1757-5322  8.87  30.8 339.6 -14.0   0.453   2.087 2001 PKS-SWIL
  J1801-1417  3.62  57.2  14.5   4.2    N/A     N/A  2004 PKS-PMPS
  J1801-3210  7.45 176.7 358.9  -4.6  20.772   7.809 2010 PKS-HTRU
  J1802-2124 12.65 149.6   8.4   0.6   0.699   3.719 2004 PKS-PMPS
  J1804-2717  9.34  24.7   3.5  -2.7  11.129   7.282 1996 PKS-SSS
  J1805+06    2.13  64.9  33.4  13.0   0.336   0.088 2013 AO-Fermi
  J1810+1744  1.66  39.7  44.6  16.8   0.148   0.095 2009 GBT-Fermi
  J1811-2405  2.66  60.6   7.1  -2.6   6.272   5.706 2010 PKS-HTRU
  J1813-2617  4.43 122.5   5.3  -3.9   8.159   5.593 2012 PKS-PMPS
  J1816+4510  3.19  38.9  72.8  24.8   0.361   0.595 2012 GBT-NSS
  J1824+10    4.07  59.9  39.1  10.7  82.5    35.5   2013 AO-Fermi
  J1825-0319  4.55 119.5  27.0   4.1  52.630  18.266 2013 PKS-HTRU
  J1826-24    4.70  81.9   8.3  -5.7       *       * 2012 PKS-HTRU
  J1828+0625  3.63  22.4  36.0   8.1   6.0       TBD 2011 GMRT-Fermi
  J1832-0836  2.72  28.2  23.1   0.3    N/A      N/A 2013 PKS-HTRU
  J1835-0114  5.12  98    29.9   3.0   6.693   4.654 2009 PKS-PMPSRE
  J1841+0130 29.77 125.9  33.1   2.9  10.472   3.504 2004 PKS-PMPS
  J1843-1448  5.47 114.6  18.9  -4.8    N/A      N/A 2012 PKS-PMPS
  J1843-1113  1.85  60.0  22.1  -3.4    N/A      N/A 2004 PKS-PMPS
  J1844+0115  4.19 148.2  33.3   2.1  50.645  14.173 2009 AO-PALFA
  J1850+0124  3.56 118.9  34.0   1.0  84.950  34.001 2009 AO-PALFA
  J1850+0224  4.48 540.5  35.3   1.4   0.735   0.452 2013 AO-PALFA
  J1853+1303  4.09  30.6  44.9   5.4 115.654  40.770 2004 PKS-PMPS
  J1855-14    3.59 109.2  20.3  -7.6      *        * 2014 GBT-Fermi
    B1855+09  5.36  13.3  42.3   3.1  12.327   9.231 1986 AO-430Plane
  J1858-2216  2.38  26.6  13.6 -11.4  46.083  19.603 2010 GBT-Fermi
  J1900+0308  4.91 249.9  36.7   0.7  12.476   6.716 2009 AO-PALFA
  J1902-5105  1.74  36.2 345.7 -22.4   2.012   1.902 2009 PKS-Fermi
  J1903-7051  3.60  19.5 325.3 -26.3  11.05    9.94  2012 PKS-Fermi  
  J1902+0300  7.79 253.7  37.0  -0.9   2.399   1.843 2011 AO-PALFA
  J1903+0327  2.15 297.5  37.3  -1.0  95.174 105.594 2008 AO-PALFA
  J1905+0453  6.09 183.1  38.7  -0.8   N/A      N/A  2011 AO-PALFA
  J1905+0400  3.78  25.7  38.1  -1.3   N/A      N/A  2004 PKS-PMPS
    J1906+01  2.79 126.9  35.4  -3.0   0.609   0.625 2011 AO-PALFA
  J1909-3744  2.95  10.4 359.7 -19.6   1.533   1.898 2003 PKS-SWHL
  J1909+21    2.56  61.9  53.7   5.6   0.15    0.1   2013 AO-Fermi
  J1910+1256  4.98  38.1  46.6   1.8  58.467  21.129 2004 PKS-PMPS
  J1911-1114  3.63  31.0  25.1  -9.6   2.717   1.763 1996 PKS-SSS
  J1911+1347  4.63  31.0  47.5   1.8    N/A     N/A  2004 PKS-PMPS
  J1913+06    5.02 156.0  41.0  -2.0      *       *  2014 AO-PALFA
   J1914+07  18.51 224.7  41.8  -1.8      *       *  2011 AO-PALFA
  J1918-0642  7.65  26.6  30.0  -9.1  10.913   8.351 2001 PKS-SWIL
  J1921+01    2.50 104.9  37.8  -5.9      *        * 2014 GBT-Fermi
  J1923+2515  3.79  18.9  59.0   4.8    N/A     N/A  2009 GBT-Drift
  J1933-6211  3.54  11.5 334.4 -28.6  12.819  12.282 2007 PKS-SWHL
   J1933+17  21.51 156.6  53.1  -1.1   5.156  13.674 2012 AO-PALFA
  J1935+1726  4.20  62.0  53.2  -1.1  90.764  31.974 2008 PKS-DMB
  J1937+16    3.96 105.9  53.2  -2.0       *       * 2014 AO-PALFA
    B1937+21  1.56  71.0  57.5  -0.3    N/A     N/A  1982 AO-TCS
  J1938+20    2.63 237.1  56.2  -0.8  16.256    8.31 2012 AO-PALFA
  J1943+2210  5.08 174.1  58.5   0.7   8.311   8.064 2013 AO-PALFA
  J1944+0907  5.19  24.3  47.2  -7.4    N/A     N/A  2005 AO-430
  J1944+2236  3.61 183.9  58.8  -0.6    N/A     N/A  2010 AO-PALFA
  J1946+3414  3.17 110    69.2   4.8      27      14 2012 EFF-HTRU
  J1946-54    2.71  23.8 343.9 -29.6   0.13      TBD 2014 Parkes-Fermi 
  J1949+3106 13.14 164.1  66.9   2.6   1.949   7.288 2009 AO-PALFA
    J1950+24  4.30 142.2  61.2  -1.2       *       * 2011 AO-PALFA
  J1952+2630 20.73 315.4  63.2  -0.4   0.392   2.801 2011 AO-PALFA
    B1953+29  6.13 104.5  65.8   0.4 117.349  31.413 1983 AO-430Plane
    J1953+67  8.57  57.0  99.4  19.1       *       * 2011 GBT-NSS
  J1955+2527  4.87 210.0  62.7  -1.6    N/A     N/A  2008 AO-PALFA
    B1957+20  1.61  29.1  59.2  -4.7   0.382   0.089 1988 AO-430Plane
    J1957+25  3.96  44.1  62.7  -1.9   0.238   0.283 2011 AO-PALFA
  J2006+01    2.16  43.6  43.4 -15.8   0.58    0.7   2014 AO-Fermi
  J2007+2722 24.50 127.0  65.7  -2.7    N/A     N/A  2010 AO-PALFA
  J2010-1323  5.22  22.2  29.4 -23.5    N/A     N/A  2007 PKS-SWHL
  J2017-16    2.31  25.4  27.3 -26.2   0.10    0.04  2014 GBT-Fermi
  J2017+0603  2.90  23.9  48.6 -16.0   2.199   2.193 2009 NRT-Fermi
  J2019+2425  3.94  17.2  64.7  -6.6  76.512  38.768 1993 AO-430Plane
    J2033+17  5.95  25.2  60.9 -13.1  56.308  20.163 1996 AO-430
  J2042+0246  4.53   9.3  48.2 -23.3   77.20  24.57  2012 GBT-Fermi  
  J2043+1711  2.38  20.7  61.9 -15.3   1.482   1.624 2010 NRT-Fermi
  J2047+1053  4.29  34.6  57.0 -19.7   0.124   0.069 2010 GBT-Fermi
  J2051-0827  4.51  20.7  39.2 -30.4   0.099   0.045 1996 PKS-SSS
  J2052+12    1.99  42.0  59.1 -20.0    0.115  0.06  2013 AO-Fermi
  J2114+54    2.61  77.4  95.0   4.1   0.135   0.044 2014 GBT-Fermi
  J2124-3358  4.93   4.6  10.9 -45.4    N/A     N/A  1997 PKS-SSS
  J2129-0429  7.61  16.9  48.9 -36.9   0.635   1.852 2010 GBT-Fermi
  J2129-5721  3.73  31.9 338.0 -43.6   6.625   3.501 1996 PKS-SSS
  J2141-52    5.04  19.6 343.6 -46.7     *       *   2014 GMRT-GHRSS
  J2145-0750 16.05   9.0  47.8 -42.1   6.839  10.164 1994 PKS-SSS
  J2205+60    2.41 157.6 103.7   3.7   1.094   1.184 2013 NRT-SPAN512
  J2214+3000  3.12  22.6  86.9 -21.7   0.417   0.059 2009 GBT-Fermi
  J2215+5135  2.61  69.2  99.9  -4.2   0.173   0.468 2009 GBT-Fermi
  J2229+2643  2.98  23.0  87.7 -26.3  93.016  18.913 1995 AO-430
  J2234+0944  3.63  17.8  76.3 -40.4   0.420   0.068 2010 PKS-Fermi
  J2234+06    3.57  10.8  73.0 -43.1      32      14 2013 AO-327Drift
  J2236-5527  6.91  20.0 334.2 -52.7  12.689   8.776 2013 PKS-HTRU
  J2241-5236  2.19  11.4 337.5 -54.9   0.146   0.026 2009 PKS-Fermi
  J2256-1023  2.29  13.8  59.0 -58.1   0.210     TBD 2011 GBT-Drift
  J2302+4442  5.19  13.8 103.4 -14.0 125.935  51.430 2009 NRT-Fermi
  J2310-05    2.61  15.5  69.9 -57.8    1.4    1.4   2013 GBT-Fermi
  J2317+1439  3.45  21.9  91.4 -42.4   2.459   2.314 1993 AO-430 
  J2322+2057  4.81  13.4  96.5 -37.3    N/A     N/A  1993 AO-430
  J2339-0533  2.88  8.72  81.3 -62.5   0.193   0.612 2012 GBT-Fermi
